Pass: 0, Swaps: 0/0, Array: [77, 620, 169, -556, 66, 780, -616, -762, 998, -308]
Pass: 1, Swaps: 0/0, Array: [77, 620, 169, -556, 66, 780, -616, -762, 998, -308]
Pass: 2, Swaps: 1/1, Array: [77, 169, 620, -556, 66, 780, -616, -762, 998, -308]
Pass: 3, Swaps: 3/4, Array: [-556, 77, 169, 620, 66, 780, -616, -762, 998, -308]
Pass: 4, Swaps: 3/7, Array: [-556, 66, 77, 169, 620, 780, -616, -762, 998, -308]
Pass: 5, Swaps: 0/7, Array: [-556, 66, 77, 169, 620, 780, -616, -762, 998, -308]
Pass: 6, Swaps: 6/13, Array: [-616, -556, 66, 77, 169, 620, 780, -762, 998, -308]
Pass: 7, Swaps: 7/20, Array: [-762, -616, -556, 66, 77, 169, 620, 780, 998, -308]
Pass: 8, Swaps: 0/20, Array: [-762, -616, -556, 66, 77, 169, 620, 780, 998, -308]
Pass: 9, Swaps: 6/26, Array: [-762, -616, -556, -308, 66, 77, 169, 620, 780, 998]
